3.494397039901119273e-01 7.710396630283604669e-01
3.228825079787822627e-01 2.365390916867193827e-02
1.294556401156979897e-01 3.044916018843178973e-01
6.514173989379009599e-01 5.709033128696979764e-01
4.466101122198395945e-01 1.674817203831239221e-01
1.301573096041730437e-02 9.703666871551317463e-01
6.553296268154029658e-02 9.946187125784103911e-01
7.462536322025967728e-01 7.732073731025729257e-01
7.596245385564315278e-01 4.894043435160327915e-01
9.745459275792367482e-02 4.115242539904866437e-01
8.279352796072567688e-01 7.618445263946874713e-01
8.026078134738102721e-01 4.764042603364364581e-01
8.921516413187469130e-02 9.433933666846600063e-01
1.068389046897242345e-01 7.011524937524236112e-01
3.000685227285213585e-01 1.881988302357927578e-01
2.679366430823619805e-01 6.476372427901543327e-01
4.520219311195644574e-01 5.831918496426079512e-01
1.902818600991743603e-01 7.366450645624633697e-01
4.484918236897933452e-01 6.796384063742196835e-01
6.601410389678912249e-01 5.483626600443315402e-01
8.240710822492519627e-01 9.526401031798507058e-01
4.873732883342799527e-01 3.303241952262451209e-01
6.038091253093937905e-01 3.932115945861900386e-01
4.066801147673518857e-01 4.433276650124947649e-01
8.804689904549152235e-01 4.561560013559946558e-01
7.448116535036095609e-01 2.495344967250332502e-01
5.430388995958753684e-01 7.648450706162812640e-02
5.785006088607855812e-01 4.522542795882237288e-01
6.723458347861130946e-01 1.430338280632448278e-01
2.189701882471135619e-01 8.135502683842102956e-01
4.024810054160256056e-01 1.121135075575477869e-01
6.188586719439657102e-01 7.968381721408979157e-01
4.698370839715437786e-02 6.012202498508790738e-01
6.882506738683989989e-01 6.983166843499941656e-01
4.830572888554263145e-03 7.017176603796232426e-01
4.777599531002172384e-01 1.869022409436493781e-01
7.572628838196769907e-01 4.650794946936469554e-01
3.148604490610352746e-01 7.717989987273871089e-01
1.988174862344674887e-01 9.095815202403180200e-01
1.407111461988952428e-01 8.680457740343483497e-02
6.666809972232565773e-01 4.430451627919088642e-01
8.910609483787870211e-01 2.971957762021292249e-01
4.349179977941229902e-01 3.573864647791615834e-01
7.635569029635003169e-02 5.643192449266021260e-02
4.633284529912610195e-01 9.066286243702758041e-01
4.888901001017559311e-01 4.368897491084101636e-01
2.833841103580849730e-01 1.194145219877803532e-01
9.569059834797023489e-01 3.439975314560995701e-01
1.788251505163799271e-01 3.415394255625980868e-01
8.470463849899598774e-01 8.528465333743395771e-02
6.411019430789286488e-01 8.506727880219244753e-02
3.520046333245701042e-01 4.289979563757893022e-01
8.082676179642274139e-01 7.253988984824689679e-01
1.167949644530730247e-01 6.306921236843107126e-01
1.323468915148375835e-01 1.952156108509793819e-01
3.418768820989470658e-01 7.528546437507306344e-01
2.100008038178899916e-01 4.737032890318194633e-01
1.990370945186820117e-01 4.783130824822081628e-01
7.578241930638851542e-02 6.952708811344758821e-01
9.480346544164939271e-01 5.997863448634611627e-01
3.361178487530770420e-01 8.998663430568000221e-01
4.766890908403907945e-01 4.885771858078205021e-01
9.557772957479838682e-01 4.433279278653383670e-01
6.761862573868591131e-01 6.510989761229473149e-01
9.423789209174664450e-01 6.335834149033443552e-01
5.840525097566469093e-01 5.906898908721436303e-02
2.436417056104293044e-01 5.796503529044372272e-02
2.275035198739296938e-01 6.483980501705505217e-01
6.672687113582685958e-01 7.351059780600577298e-01
7.867200408316508131e-01 4.448174426097977197e-01
3.433819312864009321e-01 6.116955032427476846e-01
6.091705211877924686e-01 9.304074835991330561e-01
6.587198968380825193e-02 6.178086673803659945e-01
8.966814181740085932e-01 2.244246628751929151e-01
8.139289215288707524e-01 6.677492712418935383e-01
7.975314928878228793e-01 1.014374112763033464e-01
2.860639084517666575e-01 4.144655195450451801e-01
7.280810574077523079e-01 9.658702735615579682e-01
6.674137060516833753e-01 3.125812893588517660e-01
3.149163134577093182e-01 1.376903402623881334e-01
1.142245655881122257e-01 9.251792663584712528e-01
1.844121006307275490e-02 7.347920317127287770e-02
8.892062071463423534e-01 2.470675254394412157e-01
7.598328837471312047e-01 8.211747830247195790e-01
5.225425978661175641e-01 3.309566280088488410e-01
3.858642755514480882e-01 5.593186025807969086e-01
9.389643839159083072e-01 3.406511112988597212e-02
1.352956967973257818e-01 2.520100215942928656e-01
5.251552488355138992e-01 6.064625818914068933e-01
1.240584538134315018e-01 1.787896489468706607e-01
7.963760663568766329e-01 7.833635364102131682e-01
8.076766493463877206e-01 6.896605249447398389e-01
3.559322025382676280e-01 1.299620817999880273e-01
7.379611918892049482e-01 2.022955886556987437e-03
8.623984415605399079e-01 7.378932683370553747e-01
6.921133476830592102e-01 7.349904255676091847e-01
1.498331279476851075e-01 2.526814933356071879e-01
9.025651023439449361e-01 4.296847788705014937e-01
1.145106178581720702e-01 5.712432210537486954e-01
9.379668412744645023e-01 5.955695174642124945e-01
6.220166356753656922e-01 1.429222500331261969e-02
4.275846801617384507e-01 9.419664744626721209e-01
7.828616796996554772e-01 7.772726447228490709e-01
1.745272682236672646e-01 4.105288727617925071e-01
2.413225797950098173e-01 9.717237480826012019e-01
1.631545911346862221e-01 1.223413910438195806e-01
1.888508141836747756e-01 8.820445171512870663e-01
2.761100978500150571e-01 5.339023720959303887e-01
9.324837318380742035e-01 8.351398355430706966e-01
1.050873290300037288e-01 5.648828275480543004e-01
6.702353634363840129e-01 7.502822236157213887e-01
4.312016769712386788e-01 6.184385073702638458e-01
3.227441957697522179e-01 4.867370961491638282e-01
8.754998400231835953e-01 6.896448350385311343e-01
7.157030207589221149e-02 1.038144390234351233e-01
9.718730933091551671e-01 5.410315604070234929e-01
2.916803727061756391e-01 5.059282712461177223e-02
9.234478006253555860e-01 1.014442392592703746e-01
5.076706061843169193e-01 7.677847462651010702e-01
1.810886879112287851e-01 3.468828279130891090e-01
7.109717496137221149e-01 5.487101258927882252e-01
7.764916100015903933e-01 6.188870713991896366e-01
6.177208915919603083e-01 1.478020937156827586e-01
7.876160764970530082e-02 3.464039503962591526e-01
4.854165744306049302e-01 6.077261663820836546e-01
9.016046684042698933e-01 6.447926230643485912e-02
2.988354647294803046e-01 1.025270288928977758e-01
2.206967437103886098e-01 2.907406935280472116e-01
2.831882676647849983e-01 6.459077840294963346e-01
5.722352010373554787e-02 1.727937290608679843e-01
7.958762281260758353e-01 6.301116936041686323e-01
3.667084963511546558e-02 4.556020971075465109e-01
1.205203480234638969e-01 5.061019809440407968e-01
4.655151762259627235e-01 7.883039755590028896e-01
7.957077161414728428e-01 5.520742227625210496e-01
1.522005262085006638e-01 4.025723282958567628e-01
7.322287391962667424e-02 2.089088442154241054e-02
3.271365796406430215e-01 7.368900377576943495e-01
2.411068339226780655e-01 8.042538966147263491e-01
3.836477004287673909e-01 2.849746672964069694e-01
8.219933768863314505e-01 9.672962661518608174e-01
4.041439742056724960e-01 7.649465899002640956e-01
1.502484654993130331e-02 1.300342740393342078e-01
5.330007799591748308e-01 6.214205904327114727e-01
9.261514642929664642e-01 6.720015346641811105e-01
5.556474241864639563e-01 5.433536887995512599e-01
4.750969687205963687e-02 2.637408803191909623e-02
4.361830749861397294e-01 5.021363280621188308e-01
8.435700997811486079e-01 2.837245581986541643e-01
5.487894794858950709e-01 8.914944126398701707e-01
9.603944613287174192e-02 4.980260142240984234e-01
1.177978485607544812e-02 9.288915239320497674e-01
4.885616524137149641e-01 4.319268563199262223e-01
4.169128925594439705e-01 3.315003318142766275e-01
5.807051426347417111e-01 9.069978420512559980e-01
9.565716533284829293e-02 7.768990977573883017e-01
1.224099026903932019e-01 2.241613812632415881e-01
1.133922555088571205e-01 3.451371626527643954e-02
7.961879331739902810e-01 1.597161187786155789e-01
3.796954666744581930e-01 4.851857040410251232e-01
7.008364172697000294e-01 9.107875628939801071e-01
8.305780009800926011e-01 4.342149193443035626e-01
9.159326790723620881e-02 8.131578820946313568e-01
7.701080700687223946e-02 1.518213219662011282e-01
4.307841639886783591e-01 4.943006542051497920e-01
8.548239328276907578e-02 9.687312028117570639e-01
9.326335346538328075e-01 9.766649930677445690e-01
7.671118178262554821e-01 5.049000917985224657e-02
8.731100790863750571e-01 4.814805934050825353e-01
8.575784690289748324e-01 4.218440403663143989e-01
8.103620555382902158e-01 7.667369514163685507e-01
7.503384055642501327e-01 7.889208151209614606e-01
6.155525632060294683e-01 6.860760187275776190e-01
5.296466090324868370e-01 6.240161805945815265e-01
8.687556155026748828e-01 6.236911160856662972e-01
1.253897125699376947e-02 2.561115011027309540e-01
4.213907548233067901e-01 6.479696754179142815e-02
8.050919810540357879e-01 2.100252054148648018e-01
3.051463519198318597e-01 3.727214383028192302e-01
1.269032888716551399e-01 6.423127400665364917e-01
4.117869204507681458e-01 5.803568159506380386e-01
3.156166593842216761e-01 9.744942714734377009e-01
9.380545020287661684e-01 8.427426804504629665e-01
4.138606266710918025e-01 6.554660667042173650e-01
2.447290251400077166e-01 6.757214800068263028e-01
3.676996580032397821e-01 2.400931339990652891e-02
2.272460083559196820e-01 5.535163701485336096e-01
8.022486493470284419e-01 3.641886251243486861e-01
1.173722731481089410e-01 1.685281081255400881e-01
2.183453611815044937e-01 3.798789926211241230e-01
2.226677197675470676e-01 9.443602624621464381e-01
1.717847731821622315e-01 5.829371909358539439e-01
8.139758583095593192e-01 5.637275535188295272e-01
6.896455392710404420e-01 1.031286921327743134e-01
5.264968122491725522e-01 2.964094528581576737e-01
9.220622014010039225e-01 5.152297594810217873e-01
7.517688163509641530e-01 4.704305339421086529e-01
1.629021932174126164e-01 6.241180502280977427e-01
1.220260294073532981e-01 3.753966229722928150e-01
3.360377549906167216e-01 8.081743921214625814e-01
5.093553920799068768e-01 5.710990410818960195e-01
9.882327223728721854e-01 7.024957206190051151e-01
5.277182009530373419e-01 8.160135547143476664e-01
9.682169428048976734e-01 1.211562780238708559e-01
2.079987045542763813e-02 4.300707962422720687e-01
2.958153976962570875e-01 5.285349869769589981e-01
9.400568748626958460e-02 1.869621350340090471e-01
3.799571845515787860e-01 7.884731146531027690e-01
5.624065529684681986e-01 6.575079939543930774e-01
4.766557080036902816e-01 8.615670554288947791e-01
2.584100732570080439e-01 3.934862202694542344e-01
9.324154155631730889e-01 4.052648330472087279e-01
6.204546776199932889e-01 4.192416988099000319e-01
9.260841753766441142e-01 3.242845647626275696e-01
2.935981905275090176e-01 4.531334019973126681e-01
8.150076175615291740e-01 1.802857788644117720e-01
6.621926159807193235e-01 6.724387819695623048e-01
5.570038054288861673e-01 8.816129495558463480e-01
2.961620027312705794e-01 2.283725103837559445e-01
9.871109156966146880e-01 2.535466939407530207e-01
3.720606217534606630e-01 1.129072700381429373e-01
3.277193880037161389e-01 5.723609425769778936e-01
5.488124004080632279e-01 7.702414959188019772e-02
3.925672009613800917e-02 2.622569988661730411e-01
2.744067768129273555e-01 5.354029514907137077e-01
2.016169981464340788e-01 7.020411166111248935e-01
7.818558681052509840e-01 5.644873143991225861e-01
6.806322007169729460e-01 2.730488634087364641e-01
4.184270232913398502e-01 1.829707411902279368e-01
2.357749440967836785e-01 4.055604660972452757e-01
4.712615795140335795e-01 2.734124150935990372e-03
7.667296450507073979e-01 2.268775864738350467e-01
6.701460558117464661e-01 8.488222159035996306e-03
3.274963862002806536e-01 2.990613891678395309e-01
9.829734969534722477e-01 2.625567304747270514e-01
6.071431715131985207e-01 4.894779131311585152e-01
5.906247953096891434e-01 2.751208509534918134e-01
6.930798055030328308e-01 3.110778694764569918e-01
4.524317818184441231e-01 2.913179237222343065e-01
1.981981734574344012e-01 3.005204831066321525e-01
9.666634292475626555e-01 7.817863709100809633e-01
1.399015375683554385e-01 4.111654247110796412e-02
4.574308984837328618e-01 3.038024214593715300e-02
6.729871868570754812e-01 8.354839349346170341e-01
2.619036970954288224e-01 7.351894082478617198e-01
7.189145432484370657e-01 3.688434573217114210e-02
7.473013427326409275e-01 6.310724552680494481e-01
2.531029334081502657e-01 8.254351382880246168e-01
5.489595053438157679e-01 3.293456694699863352e-01
3.756829527735260355e-01 4.412343655082200389e-01
3.341617281219583235e-01 9.752145621263084152e-01
1.371063307003081988e-01 7.375224288652892923e-03
4.689892758955920282e-01 1.707023584179510056e-01
5.778107732154069698e-02 3.731731536850768638e-02
7.390710547332970393e-01 1.571936692519483314e-01
4.036047451171453915e-02 2.141989701179359828e-01
8.161778369713555970e-01 6.311879561024594798e-01
5.638575405126426965e-01 2.237174393065396449e-01
3.464664949872571231e-01 9.802661226508829762e-01
7.918411177559129266e-01 5.277776261034848870e-01
3.627358210162608954e-01 3.099471076181459228e-02
4.250059527147610483e-01 4.277258262111315323e-01
9.236494581007559379e-01 1.576867338518436190e-01
4.608521208200784258e-01 8.007098763147367793e-01
7.500506523134775616e-02 6.977281990859440786e-01
2.853911350696196614e-01 2.676134803488158243e-01
9.674155044758040445e-01 9.526439762276410761e-01
7.623394107808910691e-01 1.483148755609267067e-01
6.728721055703724696e-01 5.183653705395484534e-01
4.678708236428015255e-01 2.610866711259016704e-01
2.932145006492595796e-01 6.564822311003086774e-01
2.648491728165853765e-01 4.258778893669736831e-01
1.728644497713148764e-01 2.864454144354472431e-01
1.055436193335821393e-01 9.079282003473033713e-01
6.259876769380736672e-01 3.565059850485694515e-01
8.923908280153196593e-01 5.533210357670197421e-01
9.231111361460909714e-01 7.698088209256525039e-01
7.762087415077889574e-02 9.141207682638912146e-01
9.400091330253391719e-01 8.752891814504569767e-01
8.312030954122284765e-02 9.752597512581194783e-01
2.683509616313077828e-01 7.011092957893172439e-02
3.639490034276838815e-01 6.414774734829720160e-01
9.784915439976745732e-01 1.381103500058026290e-01
4.647533967847151670e-01 3.942101015765746563e-01
7.149756672089289111e-01 7.463644500794794912e-01
9.784583977949402600e-01 5.790740875409521315e-01
5.930475463303260808e-01 2.382951439421687745e-01
4.555109212099888172e-01 4.420294026130500153e-02
7.308110663842046772e-01 7.670509719763205503e-01
3.876161176991964608e-01 2.399306212624692236e-01
8.521900513084745832e-01 3.480478634886430278e-03
1.736641094193182022e-01 1.365340802892954786e-01
5.952865823784997401e-01 1.336564910343185364e-01
4.485393387686610334e-01 8.101861412565217746e-01
9.280535947080029713e-01 6.961787590122263669e-01
1.262032486706076151e-01 5.573339809683220958e-01
5.073628721503606887e-01 9.042124995652387476e-01
2.994638669699849487e-01 3.482384217057458153e-01
7.708698996508229762e-01 3.575719906088670186e-02
3.272390883628009117e-01 4.763907235913983351e-01
5.826077375429505878e-03 2.105007023260349053e-01
5.750285376460195774e-02 2.215681479906079776e-01
8.092595956787039801e-01 4.197898878716022075e-03
4.233431302676010644e-01 8.949939143685298193e-01
9.126306317972565640e-02 1.013222616402720266e-02
8.026034749536933299e-01 5.894305073045564836e-01
9.517079622829337504e-01 1.652757139653279195e-01
3.474476962969214044e-01 1.948322738265033660e-01
7.824682022742638354e-01 5.677120426603673442e-01
1.915000086995833906e-01 3.814004521537780468e-01
4.971091123859704419e-01 5.176062655258495404e-03
1.719992207521880978e-02 7.234192465717528275e-01
4.146547394314732404e-01 1.328212928764133105e-01
8.712203423090449927e-01 1.240994617925758048e-01
7.718141112810184001e-01 1.922628585125722989e-01
7.960163520893774880e-01 2.632548702257104800e-01
3.634825380357021851e-01 4.728558929667456834e-01
3.734235310730585899e-01 3.581133597388146406e-01
2.127772152814039197e-01 9.022138286169513188e-01
3.485919659554945760e-01 7.875575827266605433e-01
1.503896472679845386e-01 2.559583597374148756e-01
6.164077254309509035e-01 8.261725316636193694e-01
2.948343913228193003e-01 4.446209400186262872e-01
2.206535030276104425e-01 5.652040542920955257e-02
6.795031613322232156e-01 5.791191281095745547e-01
4.597100954759613112e-01 6.519663597490035212e-01
4.254118305692644597e-01 2.174790174081258076e-01
1.172892039152879651e-01 3.549761812796492499e-01
7.870898989333763307e-02 7.108257006387819210e-02
8.646759562408363742e-01 5.090325780279226775e-01
8.485922252271360655e-01 3.420669979984956033e-01
1.765109173078328597e-01 9.950469936262422710e-01
7.689011239488069416e-01 7.208068348873023501e-01
1.998557473254615191e-01 6.339377355525925850e-01
4.668891608737315568e-01 3.299707714260849967e-01
2.118286769824193616e-01 2.242586513783807467e-01
4.132002942407531076e-02 4.773157502416383036e-01
5.353228878510815081e-01 1.847305085972820171e-01
1.549763056975634878e-01 9.505483329330373099e-01
3.268157604414397843e-01 9.300889235757113793e-01
7.290207041392194887e-01 6.326209081885498797e-01
9.955310038459445066e-01 5.324061552949010956e-01
2.357176817203544550e-01 8.535090186397531475e-03
9.249355327348754985e-01 2.814829979770840929e-01
6.966885717708077852e-01 2.925454302022567621e-01
3.358574747327499610e-01 4.957155572877085525e-01
6.385770677865010292e-02 1.873186940637378006e-01
2.500443131707162925e-01 9.511186669132313254e-01
5.871508732078570825e-01 5.683509235814387939e-02
5.722144463972078654e-01 5.971234863435271878e-01
3.736352478635603935e-01 3.387253150563719339e-01
8.232047839000466993e-02 3.937360625401713499e-01
8.546399641037732975e-01 8.433382293463632662e-01
1.907034875747098956e-01 6.039156456254450855e-01
5.577938701347830985e-01 9.919079979071160347e-01
3.362811538613267315e-01 4.364642727705146941e-01
9.200056965371581352e-01 8.583312152658703065e-01
9.175455350589164505e-01 8.104402908248268256e-01
9.163775830070258754e-01 9.841368567446709958e-01
2.914937374632543543e-01 3.456497278380765703e-01
5.114857619975488046e-02 2.851271073141909973e-01
4.250997224636315908e-01 2.928536879228852419e-01
2.158439588341933835e-01 9.355442937456694974e-01
5.010560923067917116e-01 4.484626829593943986e-01
4.348166217235894804e-01 1.787904694940134487e-01
5.159559346731168450e-01 9.660190810765456604e-01
3.205773914973403249e-01 3.226315212440726832e-01
9.531994464822657331e-02 2.321673065574102468e-01
9.323583044269634357e-01 5.620862482790481840e-01
3.660064974669133830e-01 3.082911109278039241e-01
5.635423727006970696e-01 1.629005274725938701e-01
4.357248100021136050e-01 2.612837670724555972e-01
6.226207039647250197e-01 7.309970730727730626e-01
9.050094575051726986e-01 4.352056617788730986e-01
4.938115540538792203e-01 3.208084169233540450e-01
5.926519185222807184e-01 6.816441605786985880e-01
6.149097151609449474e-01 7.468041909981395499e-01
7.078722321914421300e-03 4.272127302114185898e-01
6.258382980439670673e-01 1.300024379563637922e-01
9.934257957343783918e-02 1.796661567078450261e-02
2.695045422745065977e-01 8.661724243571764514e-01
2.990727282106032670e-01 1.172757002200640608e-01
1.341040272183396942e-01 3.621336386108993111e-01
7.919073606308335567e-02 9.644029818236133922e-01
9.087793236881348546e-01 2.984774974751847054e-01
4.065845503339411415e-01 2.132642265253847924e-01
4.751070296808218574e-01 6.386187580128579455e-01
9.338282801259942811e-01 2.878837976013635114e-01
3.229544913162534225e-01 4.329934121281787673e-01
1.185534699154155991e-01 1.336980646349702484e-01
7.557682995538572701e-02 7.452102214438159900e-01
3.065035837268487162e-01 7.934002543040727939e-01
2.656358076959812742e-01 2.755536306940066238e-01
9.850883476336105282e-01 7.012154089827463688e-01
1.821709042734376283e-02 5.557397985539069829e-01
8.439045036885289841e-01 7.277046162612965663e-02
5.426182469635376648e-02 7.506629365527383024e-01
3.749395937748637442e-01 1.704772971687090743e-01
3.352503665002259936e-02 3.120192188653897469e-01
9.137958156604770732e-01 3.812316037895440157e-01
5.968336936314231345e-01 2.379881915781641988e-01
2.299949893407552404e-01 8.318470894962215478e-02
8.472378396959198144e-01 2.344964712480668290e-01
8.239677157949223396e-01 6.579419926695030396e-01
6.152674191304544626e-01 3.342781740639245713e-01
3.793925931178242505e-01 9.355803933218145296e-01
9.890303201438375158e-01 6.083889195510583381e-02
2.297471011663971829e-01 5.217967698400862719e-01
6.027587367763440618e-01 9.641203267692608492e-01
4.340569283887063534e-02 7.221142206265586116e-01
3.290386841687040764e-01 2.612611895548401231e-01
5.667430834691032926e-01 8.206556688622174134e-01
4.741224355443812710e-01 1.438547568513407482e-01
6.440149367998478924e-01 8.551568957682444960e-01
3.393878785597587155e-01 2.877296584116597611e-01
3.052457567733846133e-02 7.736470261798182868e-01
2.367812691754160870e-01 6.491256213153923094e-01
9.757461514595618945e-01 6.741263514318158734e-01
1.379156581827313266e-01 6.540175723726503465e-01
1.234990751955629129e-01 5.980693424633554134e-02
1.758187316599271188e-01 9.876509387444920574e-01
6.565540274337043902e-01 7.629382493726525327e-01
5.702674728954258976e-01 7.788015898252175218e-01
3.926865175224409921e-01 7.292289531506890299e-01
7.395853815316174584e-01 4.141239811905509383e-01
4.555530325477483711e-01 6.987257619054982882e-01
9.974266784821993470e-01 6.261851430596716561e-01
8.044678127727999950e-02 8.216435546725403549e-01
1.645460315129765316e-02 2.219518043678745389e-01
8.854760527337974807e-01 1.134654072225150800e-01
3.305421000534548570e-01 4.244132437609711150e-01
2.103692794121104770e-01 6.552567502479600403e-02
7.286978198433848863e-01 5.970749484268738083e-01
6.314064483891612678e-01 7.107893829025324628e-03
3.998820995020357927e-04 7.905590298920202041e-01
2.607481995405025454e-02 6.231604484663308963e-01
7.701239559164752002e-02 2.965395657834136722e-01
3.991228103064083932e-01 6.555237914661415921e-02
7.740351811883239286e-01 4.646247846688846828e-01
2.932631242434917684e-01 6.346960154578885627e-01
7.431681462854887732e-01 9.928899414095937459e-01
1.177137120236946277e-01 4.731089044096888907e-01
7.485147846071888988e-01 8.799623201774402492e-01
4.283990896247934499e-01 6.091663360844223885e-01
9.642167199263389499e-01 3.723162076898863804e-01
5.451843343987066159e-01 8.856104422667459009e-01
8.115270406017147664e-01 9.026675453854995368e-01
7.688723035614964951e-01 5.172808534804309577e-01
3.884771998450040620e-01 2.824012360870811200e-01
5.389498634651265219e-01 8.207711373395204513e-01
8.708922094687224780e-01 5.783435530441671801e-01
6.241007020449637066e-01 2.865691075090126549e-01
7.870180277965902471e-01 8.742470686606870212e-01
8.991460070245670400e-01 9.078430953703963135e-01
8.518767725590665751e-01 4.780677077585604451e-02
7.098051753259504437e-03 6.037158181415944735e-01
1.861079118100449348e-01 6.778436519736777965e-01
1.188929025121696625e-01 8.097429031354363982e-02
2.170679101288078838e-01 7.912686340383028316e-01
5.710718947538838686e-01 6.430563966858496849e-01
5.106879713673262433e-02 3.577609141431519202e-01
5.709327642643391432e-01 8.098685555869827857e-01
9.527883282980771362e-01 3.018286175586708531e-01
5.302457908564782718e-01 7.815952325276465107e-01
2.124500027098138455e-01 9.000198832680006422e-01
8.001107605712625137e-01 1.109331248957555749e-01
5.997053540641735792e-01 7.428722490644786847e-01
7.803727499053552119e-01 3.181610078392693719e-01
4.484274491888385894e-01 3.673020345139780263e-01
9.901136845987610346e-01 5.313737234445841118e-01
5.830250161116501406e-02 4.228069070831986798e-01
8.396350661844719232e-01 3.821277127167270748e-01
3.987057331568993890e-01 9.716727530543216584e-01
4.821187418063807018e-01 6.669549984284014466e-01
3.278778725592194077e-01 5.816384086913458651e-01
8.589433496543533719e-01 9.794976096898447837e-01
3.191701037688455811e-01 2.460191958280083524e-01
5.606369404538256163e-01 1.936932978945684614e-01
3.223086137868220735e-01 3.740961516589152991e-01
4.213384371543634765e-01 5.778907001749811201e-01
9.440348769639311799e-01 8.988624393974068427e-01
6.713688544847301598e-01 6.771607413365343664e-02
4.709459387477655801e-01 5.705555397736044032e-01
1.061708983590310407e-01 8.679344348781552476e-01
9.751054244582431085e-01 4.895186180783306362e-02
8.961516628584899058e-01 8.711267521540873027e-01
8.654648271384550728e-01 8.005491925150090005e-01
5.214765502267172392e-01 6.795587363027095762e-01
7.593161265708148200e-01 3.176309181969456663e-01
9.343870375864945510e-01 2.065097814994030223e-01
8.255375467176775395e-01 3.343942880419605856e-01
3.137962628017019195e-01 2.244330340018161341e-01
7.710437890180574794e-01 2.516356660591423378e-02
9.695663853505027685e-01 7.026800711840960334e-01
7.913145762364848235e-02 2.818399617664177903e-01
5.215569153117308732e-01 2.018406449574696726e-01
9.500600474562663766e-01 2.745198195535184515e-01
8.799068131960083861e-01 9.531880142002543410e-01
8.329092413366301351e-02 9.338428141728507548e-01
9.870037552714386875e-01 9.927785107234211592e-01
3.061309786652141041e-01 2.003397613811697120e-01
2.708152984534752949e-01 3.372475698600173599e-01
9.834007275708288587e-01 5.242598756070457888e-01
5.219230060005113359e-01 1.769251840793135688e-01
2.384289825158075748e-01 5.992213841195513924e-01
4.709969305568678655e-01 4.119940422890783216e-01
4.577252845897843425e-01 2.424747099802156969e-01
5.626956832555994881e-01 4.624526191522112528e-01
7.904127219147794037e-01 7.278105499659199840e-01
6.210020434710085135e-01 4.814466289272094635e-01
6.489055248723685221e-02 7.510644146018442546e-01
5.921121849331845155e-01 7.353078960486029159e-01
9.665820794621098333e-01 6.873531494651697882e-01
8.514111802393409256e-02 7.834305545055647579e-01
4.637728027610931170e-01 7.486338729779495882e-02
9.988356285275485913e-01 7.679756773385852942e-01
5.801027160117407933e-01 7.225912448063139815e-01
3.537157724761501587e-01 7.906699791692760604e-01
3.208846759399552884e-01 8.986015792212965758e-01
7.717465197513534436e-01 5.918452303439772910e-01
9.107337623338875865e-01 7.088596827531520317e-01
6.532191555852839837e-02 4.966397572190375254e-01
6.989659568507596843e-01 9.919080718786584816e-01
1.779608606793616765e-01 2.050545374975845103e-01
3.275695804989227078e-01 5.012590210778689048e-02
4.141924045093399176e-01 9.688409027823982056e-01
2.072459862212676640e-01 1.733447342891337728e-01
9.000740604312033044e-01 1.462683641496899112e-01
7.075978156986910683e-01 4.003987981095036286e-02
4.977729413303226824e-01 1.476590082743345356e-01
1.627279079008252527e-01 4.531918125677081299e-02
2.588192419943110556e-01 1.232980802364126438e-01
5.579897391818188224e-01 2.973594406910663457e-01
7.626369583563759047e-01 7.276941724546445167e-01
3.728097513139565500e-01 4.493860807904391796e-01
6.450568782600688555e-01 6.612693031073751948e-01
1.679794342347779024e-01 3.300597180207784920e-01
7.159923124173758202e-01 5.380104969800029169e-01
5.996805839874803645e-01 7.460181103919478751e-01
4.027705855781128497e-01 2.379475317246234622e-01
1.681454692101970183e-01 2.343155588661833821e-01
8.956696856283540287e-01 5.578693020469280839e-01
1.164590078144158714e-01 7.784321277538308603e-01
6.983646238802007078e-01 6.491534514806791556e-01
1.976595871531938720e-01 2.680587493617017092e-01
3.562864623346642112e-01 6.876438785189504799e-01
2.506009574250660510e-01 8.257099189206326129e-01
9.406242099403997470e-01 2.466088937836330430e-02
9.491777140729850126e-01 8.294076165467975104e-01
5.140890343140676055e-01 8.345264364925345513e-01
6.152553165588525719e-02 5.361378808236252347e-01
1.914281888381020869e-01 9.528119536099266540e-02
4.101624266817747166e-01 4.835308147828908387e-01
2.363878331444932979e-01 9.054921342814312712e-01
9.651178002643304721e-01 4.295437171943674581e-01
1.423335182040104119e-01 9.178108001712002029e-01
6.482159949080353867e-01 3.946251364646624626e-01
6.422273496997082942e-01 5.493120807330288402e-01
5.041928927694445672e-01 6.874533357474672535e-01
6.066661424079803355e-01 6.371517118762957121e-01
6.851131289834521132e-01 7.820624112568100861e-01
4.284491698661128112e-01 9.278861529917304951e-01
9.990773730831137289e-02 5.110514271411982223e-01
9.137193516024616491e-01 5.878863476932028043e-02
2.689426948827869923e-01 6.657242137063045240e-01
2.904063710560378375e-02 6.972533787438541797e-01
8.671765106277589119e-01 4.006239379180868143e-01
4.523228238729695150e-01 9.110504770221071746e-01
6.579513375307854961e-02 2.665731222484724050e-02
3.346381053966992480e-01 7.836998325746469263e-04
4.185428823558445810e-02 3.998193661455989867e-01
2.271137933418192478e-01 1.443866493222167868e-01
4.853476457663069565e-01 6.780205153783048777e-01
9.104738676796192420e-01 6.975769491544728806e-01
1.017477471857453075e-01 7.626629545851348890e-01
8.927129324760937346e-01 3.361541927794983176e-01
2.114735303781060116e-01 3.830606659243952494e-01
5.777885730458962588e-01 1.064892902910801187e-01
4.082496597195042209e-01 5.928064413316915804e-01
5.283893307957272523e-01 4.754467741751866594e-01
1.877893152429805923e-01 6.337092127210027792e-01
8.279418737353695379e-01 1.304495894198252071e-01
4.153827193175930743e-01 6.286252976011793558e-01
7.819876424002446536e-01 4.469764761728541869e-01
5.084137091726724789e-01 1.995639576654796299e-01
3.780017652583316234e-01 6.790898585944052934e-01
3.989882353760727529e-01 8.154779413183099734e-01
7.563494764730406272e-01 4.804851594710498608e-01
1.199412474195249434e-01 6.114745420619029925e-01
8.518560181536686260e-01 1.132465855661103360e-01
8.280732083630195639e-01 3.603826732612060990e-01
5.720057601487916754e-01 6.646615459574356510e-02
2.059312273498867807e-01 9.669842980928113896e-01
5.100031549188858149e-01 9.304137282129002484e-01
7.191963861480857867e-01 5.578047061077195945e-01
1.939581948533439792e-01 2.879542721460025545e-01
5.582742850232180754e-02 2.505281100892530199e-01
3.500451926835410621e-01 5.262023022095680957e-01
1.736739136709293252e-01 9.152089244880776686e-01
3.139632381310322184e-01 9.285206270985905119e-01
